Segment ID: 367854, Polygon ID: 0.0, Class ID: 3.0, Pixels: [[1145, 2921], [1145, 2922], [1145, 2923], [1145, 2924], [1146, 2921], [1146, 2922], [1146, 2923], [1146, 2924], [1147, 2921], [1147, 2922], [1147, 2923], [1147, 2924], [1148, 2921], [1148, 2922], [1148, 2923], [1148, 2924]]
Segment ID: 367855, Polygon ID: 0.0, Class ID: 3.0, Pixels: [[1145, 2925], [1145, 2926], [1145, 2927], [1145, 2928], [1146, 2925], [1146, 2926], [1146, 2927], [1146, 2928], [1147, 2925], [1147, 2926], [1147, 2927], [1147, 2928], [1148, 2925], [1148, 2926], [1148, 2927], [1148, 2928]]
Segment ID: 367856, Polygon ID: 0.0, Class ID: 3.0, Pixels: [[1145, 2929], [1145, 2930], [1145, 2931], [1145, 2932], [1146, 2929], [1146, 2930], [1146, 2931], [1146, 2932], [1147, 2929], [1147, 2930], [1147, 2931], [1147, 2932], [1148, 2929], [1148, 2930], [1148, 2931], [1148, 2932]]
Segment ID: 369129, Polygon ID: 0.0, Class ID: 3.0, Pixels: [[1149, 2921], [1149, 2922], [1149, 2923], [1149, 2924], [1150, 2921], [1150, 2922], [1150, 2923], [1150, 2924], [1151, 2921], [1151, 2922], [1151, 2923], [1151, 2924], [1152, 2921], [1152, 2922], [1152, 2923], [1152, 2924]]
Segment ID: 369130, Polygon ID: 0.0, Class ID: 3.0, Pixels: [[1149, 2925], [1149, 2926], [1149, 2927], [1150, 2925], [1150, 2926], [1150, 2927], [1151, 2925], [1151, 2926], [1151, 2927], [1151, 2928], [1152, 2925], [1152, 2926], [1152, 2927], [1152, 2928]]
Segment ID: 369131, Polygon ID: 0.0, Class ID: 3.0, Pixels: [[1149, 2928], [1149, 2929], [1149, 2930], [1149, 2931], [1149, 2932], [1150, 2928], [1150, 2929], [1150, 2930], [1150, 2931], [1150, 2932], [1151, 2929], [1151, 2930], [1151, 2931], [1151, 2932], [1152, 2931], [1152, 2932]]
Segment ID: 362748, Polygon ID: 1.0, Class ID: 1.0, Pixels: [[1129, 2925], [1129, 2926], [1129, 2927], [1129, 2928], [1130, 2925], [1130, 2926], [1130, 2927], [1130, 2928], [1131, 2925], [1131, 2926], [1131, 2927], [1131, 2928], [1131, 2929], [1132, 2925], [1132, 2926], [1132, 2927], [1132, 2928]]
Segment ID: 363215, Polygon ID: 1.0, Class ID: 1.0, Pixels: [[1131, 2930], [1131, 2931], [1132, 2929], [1132, 2930], [1132, 2931], [1132, 2932], [1133, 2928], [1133, 2929], [1133, 2930], [1133, 2931], [1133, 2932], [1134, 2929], [1134, 2930], [1134, 2931], [1134, 2932], [1135, 2929], [1135, 2930], [1135, 2931], [1135, 2932], [1136, 2929], [1136, 2930], [1136, 2931], [1136, 2932]]
Segment ID: 364024, Polygon ID: 1.0, Class ID: 1.0, Pixels: [[1133, 2925], [1133, 2926], [1133, 2927], [1134, 2925], [1134, 2926], [1134, 2927], [1134, 2928], [1135, 2925], [1135, 2926], [1135, 2927], [1135, 2928], [1136, 2925], [1136, 2926], [1136, 2927], [1136, 2928]]
Segment ID: 365273, Polygon ID: 1.0, Class ID: 1.0, Pixels: [[1137, 2925], [1137, 2926], [1137, 2927], [1137, 2928], [1138, 2925], [1138, 2926], [1138, 2927], [1138, 2928], [1139, 2925], [1139, 2926], [1139, 2927], [1139, 2928], [1140, 2925], [1140, 2926], [1140, 2927], [1140, 2928]]
Segment ID: 365274, Polygon ID: 1.0, Class ID: 1.0, Pixels: [[1137, 2929], [1137, 2930], [1137, 2931], [1137, 2932], [1138, 2929], [1138, 2930], [1138, 2931], [1138, 2932], [1139, 2929], [1139, 2930], [1139, 2931], [1139, 2932], [1140, 2929], [1140, 2930], [1140, 2931], [1140, 2932], [1141, 2929], [1141, 2930], [1141, 2931]]
Segment ID: 366542, Polygon ID: 2.0, Class ID: 1.0, Pixels: [[1141, 2933], [1141, 2934], [1141, 2935], [1141, 2936], [1142, 2933], [1142, 2934], [1142, 2935], [1142, 2936], [1143, 2933], [1143, 2934], [1143, 2935], [1143, 2936], [1144, 2933], [1144, 2934], [1144, 2935], [1144, 2936]]
Segment ID: 367857, Polygon ID: 2.0, Class ID: 1.0, Pixels: [[1145, 2933], [1145, 2934], [1145, 2935], [1145, 2936], [1146, 2933], [1146, 2934], [1146, 2935], [1146, 2936], [1147, 2933], [1147, 2934], [1147, 2935], [1147, 2936], [1148, 2933], [1148, 2934], [1148, 2935], [1148, 2936]]
Segment ID: 362749, Polygon ID: 3.0, Class ID: 1.0, Pixels: [[1129, 2933], [1129, 2934], [1129, 2935], [1129, 2936], [1130, 2933], [1130, 2934], [1130, 2935], [1130, 2936], [1131, 2932], [1131, 2933], [1131, 2934], [1131, 2935], [1131, 2936], [1132, 2933], [1132, 2934], [1132, 2935], [1132, 2936]]
Segment ID: 362750, Polygon ID: 3.0, Class ID: 1.0, Pixels: [[1129, 2937], [1129, 2938], [1129, 2939], [1129, 2940], [1130, 2937], [1130, 2938], [1130, 2939], [1130, 2940], [1131, 2937], [1131, 2938], [1131, 2939], [1131, 2940], [1132, 2937], [1132, 2938], [1132, 2939], [1132, 2940]]
Segment ID: 364025, Polygon ID: 3.0, Class ID: 1.0, Pixels: [[1133, 2933], [1133, 2934], [1133, 2935], [1133, 2936], [1134, 2933], [1134, 2934], [1134, 2935], [1134, 2936], [1135, 2933], [1135, 2934], [1135, 2935], [1135, 2936], [1136, 2933], [1136, 2934], [1136, 2935], [1136, 2936]]
Segment ID: 364026, Polygon ID: 3.0, Class ID: 1.0, Pixels: [[1133, 2937], [1133, 2938], [1133, 2939], [1133, 2940], [1134, 2937], [1134, 2938], [1134, 2939], [1134, 2940], [1135, 2937], [1135, 2938], [1135, 2939], [1135, 2940], [1136, 2937], [1136, 2938], [1136, 2939], [1136, 2940]]
Segment ID: 365275, Polygon ID: 3.0, Class ID: 1.0, Pixels: [[1137, 2933], [1137, 2934], [1137, 2935], [1137, 2936], [1138, 2933], [1138, 2934], [1138, 2935], [1138, 2936], [1139, 2933], [1139, 2934], [1139, 2935], [1139, 2936], [1140, 2933], [1140, 2934], [1140, 2935], [1140, 2936]]
Segment ID: 365276, Polygon ID: 3.0, Class ID: 1.0, Pixels: [[1137, 2937], [1137, 2938], [1137, 2939], [1137, 2940], [1138, 2937], [1138, 2938], [1138, 2939], [1138, 2940], [1139, 2937], [1139, 2938], [1139, 2939], [1139, 2940], [1140, 2937], [1140, 2938], [1140, 2939], [1140, 2940]]
Segment ID: 366544, Polygon ID: 4.0, Class ID: 2.0, Pixels: [[1141, 2941], [1141, 2942], [1141, 2943], [1141, 2944], [1142, 2941], [1142, 2942], [1142, 2943], [1142, 2944], [1143, 2941], [1143, 2942], [1143, 2943], [1143, 2944], [1144, 2941], [1144, 2942], [1144, 2943], [1144, 2944]]
Segment ID: 366545, Polygon ID: 4.0, Class ID: 2.0, Pixels: [[1141, 2945], [1141, 2946], [1141, 2947], [1141, 2948], [1142, 2945], [1142, 2946], [1142, 2947], [1142, 2948], [1143, 2945], [1143, 2946], [1143, 2947], [1143, 2948], [1144, 2948]]
Segment ID: 366546, Polygon ID: 4.0, Class ID: 2.0, Pixels: [[1141, 2949], [1141, 2950], [1141, 2951], [1141, 2952], [1142, 2949], [1142, 2950], [1142, 2951], [1142, 2952], [1143, 2949], [1143, 2950], [1143, 2951], [1143, 2952], [1144, 2949], [1144, 2950], [1144, 2951], [1144, 2952]]
Segment ID: 367182, Polygon ID: 4.0, Class ID: 2.0, Pixels: [[1144, 2939], [1145, 2937], [1145, 2938], [1145, 2939], [1145, 2940], [1146, 2937], [1146, 2938], [1146, 2939], [1146, 2940], [1147, 2937], [1147, 2938], [1147, 2939], [1147, 2940], [1148, 2937], [1148, 2938], [1148, 2939], [1148, 2940]]
Segment ID: 367183, Polygon ID: 4.0, Class ID: 2.0, Pixels: [[1144, 2945], [1144, 2946], [1144, 2947], [1145, 2945], [1145, 2946], [1145, 2947], [1145, 2948], [1146, 2945], [1146, 2946], [1146, 2947], [1146, 2948], [1147, 2945], [1147, 2946], [1147, 2947], [1147, 2948], [1148, 2945], [1148, 2946], [1148, 2947], [1148, 2948]]
Segment ID: 367858, Polygon ID: 4.0, Class ID: 2.0, Pixels: [[1145, 2941], [1145, 2942], [1145, 2943], [1145, 2944], [1146, 2941], [1146, 2942], [1146, 2943], [1146, 2944], [1147, 2941], [1147, 2942], [1147, 2943], [1147, 2944], [1148, 2941], [1148, 2942], [1148, 2943], [1148, 2944]]
Segment ID: 367859, Polygon ID: 4.0, Class ID: 2.0, Pixels: [[1145, 2949], [1145, 2950], [1145, 2951], [1145, 2952], [1146, 2949], [1146, 2950], [1146, 2951], [1146, 2952], [1147, 2949], [1147, 2950], [1147, 2951], [1147, 2952], [1148, 2949], [1148, 2950], [1148, 2951], [1148, 2952]]
Segment ID: 369133, Polygon ID: 4.0, Class ID: 2.0, Pixels: [[1149, 2937], [1149, 2938], [1149, 2939], [1149, 2940], [1150, 2937], [1150, 2938], [1150, 2939], [1150, 2940], [1151, 2938], [1151, 2939], [1151, 2940], [1152, 2938], [1152, 2939], [1152, 2940]]
Segment ID: 369134, Polygon ID: 4.0, Class ID: 2.0, Pixels: [[1149, 2941], [1149, 2942], [1149, 2943], [1149, 2944], [1150, 2941], [1150, 2942], [1150, 2943], [1150, 2944], [1151, 2941], [1151, 2942], [1151, 2943], [1151, 2944], [1152, 2941], [1152, 2942], [1152, 2943], [1152, 2944]]
Segment ID: 369135, Polygon ID: 4.0, Class ID: 2.0, Pixels: [[1149, 2945], [1149, 2946], [1149, 2947], [1149, 2948], [1150, 2945], [1150, 2946], [1150, 2947], [1150, 2948], [1151, 2945], [1151, 2946], [1151, 2947], [1151, 2948], [1152, 2945], [1152, 2946], [1152, 2947], [1152, 2948]]
Segment ID: 369136, Polygon ID: 4.0, Class ID: 2.0, Pixels: [[1149, 2949], [1149, 2950], [1149, 2951], [1149, 2952], [1150, 2949], [1150, 2950], [1150, 2951], [1150, 2952], [1151, 2949], [1151, 2950], [1151, 2951], [1151, 2952], [1152, 2949], [1152, 2950], [1152, 2951], [1152, 2952]]
Segment ID: 370404, Polygon ID: 4.0, Class ID: 2.0, Pixels: [[1153, 2938], [1153, 2939], [1153, 2940], [1154, 2938], [1154, 2939], [1154, 2940], [1155, 2938], [1155, 2939], [1155, 2940], [1156, 2938], [1156, 2939], [1156, 2940]]
Segment ID: 370405, Polygon ID: 4.0, Class ID: 2.0, Pixels: [[1153, 2941], [1153, 2942], [1153, 2943], [1153, 2944], [1154, 2941], [1154, 2942], [1154, 2943], [1154, 2944], [1155, 2941], [1155, 2942], [1155, 2943], [1155, 2944], [1156, 2941], [1156, 2942], [1156, 2943], [1156, 2944]]
Segment ID: 370406, Polygon ID: 4.0, Class ID: 2.0, Pixels: [[1153, 2945], [1153, 2946], [1153, 2947], [1153, 2948], [1154, 2945], [1154, 2946], [1154, 2947], [1154, 2948], [1155, 2945], [1155, 2946], [1155, 2947], [1155, 2948], [1156, 2945], [1156, 2946], [1156, 2947], [1156, 2948]]
Segment ID: 370407, Polygon ID: 4.0, Class ID: 2.0, Pixels: [[1153, 2949], [1153, 2950], [1153, 2951], [1153, 2952], [1154, 2949], [1154, 2950], [1154, 2951], [1154, 2952], [1155, 2949], [1155, 2950], [1155, 2951], [1155, 2952], [1156, 2949], [1156, 2950], [1156, 2951], [1156, 2952]]
Segment ID: 371691, Polygon ID: 4.0, Class ID: 2.0, Pixels: [[1157, 2937], [1157, 2938], [1157, 2939], [1157, 2940], [1158, 2937], [1158, 2938], [1158, 2939], [1158, 2940], [1159, 2937], [1159, 2938], [1159, 2939], [1159, 2940], [1160, 2937], [1160, 2938], [1160, 2939], [1160, 2940]]
Segment ID: 371692, Polygon ID: 4.0, Class ID: 2.0, Pixels: [[1157, 2941], [1157, 2942], [1157, 2943], [1157, 2944], [1158, 2941], [1158, 2942], [1158, 2943], [1158, 2944], [1159, 2941], [1159, 2942], [1159, 2943], [1159, 2944], [1160, 2941], [1160, 2942], [1160, 2943], [1160, 2944]]
Segment ID: 371693, Polygon ID: 4.0, Class ID: 2.0, Pixels: [[1157, 2945], [1157, 2946], [1157, 2947], [1157, 2948], [1158, 2945], [1158, 2946], [1158, 2947], [1158, 2948], [1159, 2945], [1159, 2946], [1159, 2947], [1159, 2948], [1160, 2945], [1160, 2946], [1160, 2947], [1160, 2948]]
Segment ID: 371694, Polygon ID: 4.0, Class ID: 2.0, Pixels: [[1157, 2949], [1157, 2950], [1157, 2951], [1157, 2952], [1158, 2949], [1158, 2950], [1158, 2951], [1158, 2952], [1159, 2949], [1159, 2950], [1159, 2951], [1159, 2952], [1160, 2949], [1160, 2950], [1160, 2951], [1160, 2952]]
Segment ID: 372979, Polygon ID: 4.0, Class ID: 2.0, Pixels: [[1161, 2937], [1161, 2938], [1161, 2939], [1161, 2940], [1162, 2937], [1162, 2938], [1162, 2939], [1162, 2940], [1163, 2937], [1163, 2938], [1163, 2939], [1163, 2940], [1164, 2937], [1164, 2938], [1164, 2939], [1164, 2940]]
Segment ID: 372980, Polygon ID: 4.0, Class ID: 2.0, Pixels: [[1161, 2941], [1161, 2942], [1161, 2943], [1161, 2944], [1162, 2941], [1162, 2942], [1162, 2943], [1162, 2944], [1163, 2941], [1163, 2942], [1163, 2943], [1163, 2944], [1164, 2941], [1164, 2942], [1164, 2943], [1164, 2944]]
Segment ID: 372981, Polygon ID: 4.0, Class ID: 2.0, Pixels: [[1161, 2945], [1161, 2946], [1161, 2947], [1161, 2948], [1162, 2945], [1162, 2946], [1162, 2947], [1162, 2948], [1163, 2945], [1163, 2946], [1163, 2947], [1163, 2948], [1164, 2945], [1164, 2946], [1164, 2947], [1164, 2948]]
Segment ID: 372982, Polygon ID: 4.0, Class ID: 2.0, Pixels: [[1161, 2949], [1161, 2950], [1161, 2951], [1161, 2952], [1162, 2949], [1162, 2950], [1162, 2951], [1162, 2952], [1163, 2949], [1163, 2950], [1163, 2951], [1163, 2952], [1164, 2949], [1164, 2950], [1164, 2951], [1164, 2952]]
Segment ID: 362751, Polygon ID: 5.0, Class ID: 3.0, Pixels: [[1129, 2941], [1129, 2942], [1129, 2943], [1129, 2944], [1130, 2941], [1130, 2942], [1130, 2943], [1130, 2944], [1131, 2941], [1131, 2942], [1131, 2943], [1131, 2944], [1132, 2941], [1132, 2942], [1132, 2943], [1132, 2944]]
Segment ID: 362752, Polygon ID: 5.0, Class ID: 3.0, Pixels: [[1129, 2945], [1129, 2946], [1129, 2947], [1129, 2948], [1130, 2945], [1130, 2946], [1130, 2947], [1130, 2948], [1131, 2945], [1131, 2946], [1131, 2947], [1131, 2948], [1132, 2945], [1132, 2946], [1132, 2947], [1132, 2948]]
Segment ID: 362753, Polygon ID: 5.0, Class ID: 3.0, Pixels: [[1129, 2949], [1129, 2950], [1129, 2951], [1129, 2952], [1130, 2949], [1130, 2950], [1130, 2951], [1130, 2952], [1131, 2949], [1131, 2950], [1131, 2951], [1131, 2952], [1132, 2949], [1132, 2950], [1132, 2951], [1132, 2952]]
Segment ID: 364027, Polygon ID: 5.0, Class ID: 3.0, Pixels: [[1133, 2941], [1133, 2942], [1133, 2943], [1133, 2944], [1134, 2941], [1134, 2942], [1134, 2943], [1134, 2944], [1135, 2941], [1135, 2942], [1135, 2943], [1135, 2944], [1136, 2941], [1136, 2942], [1136, 2943], [1136, 2944]]
Segment ID: 364028, Polygon ID: 5.0, Class ID: 3.0, Pixels: [[1133, 2945], [1133, 2946], [1133, 2947], [1133, 2948], [1134, 2945], [1134, 2946], [1134, 2947], [1134, 2948], [1135, 2945], [1135, 2946], [1135, 2947], [1135, 2948], [1136, 2945], [1136, 2946], [1136, 2947], [1136, 2948]]
Segment ID: 364029, Polygon ID: 5.0, Class ID: 3.0, Pixels: [[1133, 2949], [1133, 2950], [1133, 2951], [1133, 2952], [1134, 2949], [1134, 2950], [1134, 2951], [1134, 2952], [1135, 2949], [1135, 2950], [1135, 2951], [1135, 2952], [1136, 2949], [1136, 2950], [1136, 2951], [1136, 2952]]
Segment ID: 365277, Polygon ID: 5.0, Class ID: 3.0, Pixels: [[1137, 2941], [1137, 2942], [1137, 2943], [1137, 2944], [1138, 2941], [1138, 2942], [1138, 2943], [1138, 2944], [1139, 2941], [1139, 2942], [1139, 2943], [1139, 2944], [1140, 2941], [1140, 2942], [1140, 2943], [1140, 2944]]
Segment ID: 365278, Polygon ID: 5.0, Class ID: 3.0, Pixels: [[1137, 2945], [1137, 2946], [1137, 2947], [1137, 2948], [1138, 2945], [1138, 2946], [1138, 2947], [1138, 2948], [1139, 2945], [1139, 2946], [1139, 2947], [1139, 2948], [1140, 2945], [1140, 2946], [1140, 2947], [1140, 2948]]
Segment ID: 365279, Polygon ID: 5.0, Class ID: 3.0, Pixels: [[1137, 2949], [1137, 2950], [1137, 2951], [1137, 2952], [1138, 2949], [1138, 2950], [1138, 2951], [1138, 2952], [1139, 2949], [1139, 2950], [1139, 2951], [1139, 2952], [1140, 2949], [1140, 2950], [1140, 2951], [1140, 2952]]
Segment ID: 364031, Polygon ID: 6.0, Class ID: 3.0, Pixels: [[1133, 2957], [1133, 2958], [1133, 2959], [1133, 2960], [1134, 2957], [1134, 2958], [1134, 2959], [1134, 2960], [1135, 2957], [1135, 2958], [1135, 2959], [1135, 2960], [1136, 2957], [1136, 2958], [1136, 2959], [1136, 2960]]
Segment ID: 362753, Polygon ID: 7.0, Class ID: 3.0, Pixels: [[1129, 2949], [1129, 2950], [1129, 2951], [1129, 2952], [1130, 2949], [1130, 2950], [1130, 2951], [1130, 2952], [1131, 2949], [1131, 2950], [1131, 2951], [1131, 2952], [1132, 2949], [1132, 2950], [1132, 2951], [1132, 2952]]
Segment ID: 362754, Polygon ID: 7.0, Class ID: 3.0, Pixels: [[1129, 2953], [1129, 2954], [1129, 2955], [1129, 2956], [1130, 2953], [1130, 2954], [1130, 2955], [1130, 2956], [1131, 2953], [1131, 2954], [1131, 2955], [1131, 2956], [1132, 2953], [1132, 2954], [1132, 2955], [1132, 2956]]
Segment ID: 362755, Polygon ID: 7.0, Class ID: 3.0, Pixels: [[1129, 2957], [1129, 2958], [1129, 2959], [1129, 2960], [1130, 2957], [1130, 2958], [1130, 2959], [1130, 2960], [1131, 2957], [1131, 2958], [1131, 2959], [1131, 2960], [1132, 2957], [1132, 2958], [1132, 2959], [1132, 2960]]
Segment ID: 364029, Polygon ID: 7.0, Class ID: 3.0, Pixels: [[1133, 2949], [1133, 2950], [1133, 2951], [1133, 2952], [1134, 2949], [1134, 2950], [1134, 2951], [1134, 2952], [1135, 2949], [1135, 2950], [1135, 2951], [1135, 2952], [1136, 2949], [1136, 2950], [1136, 2951], [1136, 2952]]
Segment ID: 364030, Polygon ID: 7.0, Class ID: 3.0, Pixels: [[1133, 2953], [1133, 2954], [1133, 2955], [1133, 2956], [1134, 2953], [1134, 2954], [1134, 2955], [1134, 2956], [1135, 2953], [1135, 2954], [1135, 2955], [1135, 2956], [1136, 2953], [1136, 2954], [1136, 2955], [1136, 2956]]
Segment ID: 364031, Polygon ID: 7.0, Class ID: 3.0, Pixels: [[1133, 2957], [1133, 2958], [1133, 2959], [1133, 2960], [1134, 2957], [1134, 2958], [1134, 2959], [1134, 2960], [1135, 2957], [1135, 2958], [1135, 2959], [1135, 2960], [1136, 2957], [1136, 2958], [1136, 2959], [1136, 2960]]
